(kicad_pcb (version 20160815) (host pcbnew "(2016-09-29 revision 7a5f72c)-master")

  (general
    (links 150)
    (no_connects 0)
    (area 184.924999 57.424999 235.075001 125.075001)
    (thickness 1.6)
    (drawings 4)
    (tracks 512)
    (zones 0)
    (modules 41)
    (nets 53)
  )

  (page A4)
  (layers
    (0 F.Cu signal)
    (31 B.Cu signal)
    (32 B.Adhes user)
    (33 F.Adhes user)
    (34 B.Paste user)
    (35 F.Paste user)
    (36 B.SilkS user)
    (37 F.SilkS user)
    (38 B.Mask user)
    (39 F.Mask user)
    (40 Dwgs.User user)
    (41 Cmts.User user)
    (42 Eco1.User user hide)
    (43 Eco2.User user hide)
    (44 Edge.Cuts user)
    (45 Margin user hide)
    (46 B.CrtYd user hide)
    (47 F.CrtYd user hide)
    (48 B.Fab user hide)
    (49 F.Fab user hide)
  )

  (setup
    (last_trace_width 0.25)
    (trace_clearance 0.2)
    (zone_clearance 0.508)
    (zone_45_only no)
    (trace_min 0.2)
    (segment_width 0.2)
    (edge_width 0.15)
    (via_size 0.8)
    (via_drill 0.4)
    (via_min_size 0.4)
    (via_min_drill 0.3)
    (uvia_size 0.3)
    (uvia_drill 0.1)
    (uvias_allowed no)
    (uvia_min_size 0.2)
    (uvia_min_drill 0.1)
    (pcb_text_width 0.3)
    (pcb_text_size 1.5 1.5)
    (mod_edge_width 0.15)
    (mod_text_size 1 1)
    (mod_text_width 0.15)
    (pad_size 1.524 1.524)
    (pad_drill 0.762)
    (pad_to_mask_clearance 0.2)
    (aux_axis_origin 0 0)
    (visible_elements FFFCFF7F)
    (pcbplotparams
      (layerselection 0x00030_ffffffff)
      (usegerberextensions false)
      (excludeedgelayer true)
      (linewidth 0.100000)
      (plotframeref false)
      (viasonmask false)
      (mode 1)
      (useauxorigin false)
      (hpglpennumber 1)
      (hpglpenspeed 20)
      (hpglpendiameter 15)
      (psnegative false)
      (psa4output false)
      (plotreference true)
      (plotvalue true)
      (plotinvisibletext false)
      (padsonsilk false)
      (subtractmaskfromsilk false)
      (outputformat 1)
      (mirror false)
      (drillshape 1)
      (scaleselection 1)
      (outputdirectory ""))
  )

  (net 0 "")
  (net 1 "Net-(J1-Pad1)")
  (net 2 "Net-(J1-Pad2)")
  (net 3 "Net-(J1-Pad3)")
  (net 4 "Net-(J1-Pad6)")
  (net 5 "Net-(J2-Pad6)")
  (net 6 "Net-(J2-Pad3)")
  (net 7 "Net-(J2-Pad2)")
  (net 8 "Net-(J2-Pad1)")
  (net 9 "Net-(J3-Pad1)")
  (net 10 "Net-(J3-Pad2)")
  (net 11 "Net-(J3-Pad3)")
  (net 12 "Net-(J3-Pad6)")
  (net 13 "Net-(J4-Pad6)")
  (net 14 "Net-(J4-Pad3)")
  (net 15 "Net-(J4-Pad2)")
  (net 16 "Net-(J4-Pad1)")
  (net 17 "Net-(J5-Pad1)")
  (net 18 "Net-(J5-Pad2)")
  (net 19 "Net-(J5-Pad3)")
  (net 20 "Net-(J5-Pad6)")
  (net 21 "Net-(J6-Pad6)")
  (net 22 "Net-(J6-Pad3)")
  (net 23 "Net-(J6-Pad2)")
  (net 24 "Net-(J6-Pad1)")
  (net 25 "Net-(J7-Pad1)")
  (net 26 "Net-(J7-Pad2)")
  (net 27 "Net-(J7-Pad3)")
  (net 28 "Net-(J7-Pad6)")
  (net 29 "Net-(J8-Pad6)")
  (net 30 "Net-(J8-Pad3)")
  (net 31 "Net-(J8-Pad2)")
  (net 32 "Net-(J8-Pad1)")
  (net 33 GND)
  (net 34 +5V)
  (net 35 /rx0)
  (net 36 /tx0)
  (net 37 /tx3)
  (net 38 /tx1)
  (net 39 /rx3)
  (net 40 /rx1)
  (net 41 /tx7)
  (net 42 /tx6)
  (net 43 /tx5)
  (net 44 /tx4)
  (net 45 /rx7)
  (net 46 /rx6)
  (net 47 /rx5)
  (net 48 /rx4)
  (net 49 /tx2)
  (net 50 /rx2)
  (net 51 "Net-(P1-Pad13)")
  (net 52 "Net-(P1-Pad26)")

  (net_class Default "This is the default net class."
    (clearance 0.2)
    (trace_width 0.25)
    (via_dia 0.8)
    (via_drill 0.4)
    (uvia_dia 0.3)
    (uvia_drill 0.1)
    (diff_pair_gap 0.25)
    (diff_pair_width 0.2)
    (add_net /rx0)
    (add_net /rx1)
    (add_net /rx2)
    (add_net /rx3)
    (add_net /rx4)
    (add_net /rx5)
    (add_net /rx6)
    (add_net /rx7)
    (add_net /tx0)
    (add_net /tx1)
    (add_net /tx2)
    (add_net /tx3)
    (add_net /tx4)
    (add_net /tx5)
    (add_net /tx6)
    (add_net /tx7)
    (add_net GND)
    (add_net "Net-(J1-Pad1)")
    (add_net "Net-(J1-Pad2)")
    (add_net "Net-(J1-Pad3)")
    (add_net "Net-(J1-Pad6)")
    (add_net "Net-(J2-Pad1)")
    (add_net "Net-(J2-Pad2)")
    (add_net "Net-(J2-Pad3)")
    (add_net "Net-(J2-Pad6)")
    (add_net "Net-(J3-Pad1)")
    (add_net "Net-(J3-Pad2)")
    (add_net "Net-(J3-Pad3)")
    (add_net "Net-(J3-Pad6)")
    (add_net "Net-(J4-Pad1)")
    (add_net "Net-(J4-Pad2)")
    (add_net "Net-(J4-Pad3)")
    (add_net "Net-(J4-Pad6)")
    (add_net "Net-(J5-Pad1)")
    (add_net "Net-(J5-Pad2)")
    (add_net "Net-(J5-Pad3)")
    (add_net "Net-(J5-Pad6)")
    (add_net "Net-(J6-Pad1)")
    (add_net "Net-(J6-Pad2)")
    (add_net "Net-(J6-Pad3)")
    (add_net "Net-(J6-Pad6)")
    (add_net "Net-(J7-Pad1)")
    (add_net "Net-(J7-Pad2)")
    (add_net "Net-(J7-Pad3)")
    (add_net "Net-(J7-Pad6)")
    (add_net "Net-(J8-Pad1)")
    (add_net "Net-(J8-Pad2)")
    (add_net "Net-(J8-Pad3)")
    (add_net "Net-(J8-Pad6)")
    (add_net "Net-(P1-Pad13)")
    (add_net "Net-(P1-Pad26)")
  )

  (net_class saft ""
    (clearance 0.2)
    (trace_width 0.5)
    (via_dia 0.8)
    (via_drill 0.4)
    (uvia_dia 0.3)
    (uvia_drill 0.1)
    (diff_pair_gap 0.25)
    (diff_pair_width 0.2)
    (add_net +5V)
  )

  (module Connect:RJ45_8 (layer F.Cu) (tedit 59238B07) (tstamp 5890A518)
    (at 190 104 90)
    (tags RJ45)
    (path /59239C3C/59238920)
    (fp_text reference J7 (at 4.7 11.18 90) (layer F.SilkS)
      (effects (font (size 1 1) (thickness 0.15)))
    )
    (fp_text value RJ45 (at 4.59 6.25 90) (layer F.Fab)
      (effects (font (size 1 1) (thickness 0.15)))
    )
    (fp_line (start 12.46 14.47) (end -3.56 14.47) (layer F.CrtYd) (width 0.05))
    (fp_line (start 12.46 14.47) (end 12.46 -4.06) (layer F.CrtYd) (width 0.05))
    (fp_line (start -3.56 -4.06) (end -3.56 14.47) (layer F.CrtYd) (width 0.05))
    (fp_line (start -3.56 -4.06) (end 12.46 -4.06) (layer F.CrtYd) (width 0.05))
    (fp_line (start -3.17 7.51) (end -3.17 14.22) (layer F.SilkS) (width 0.12))
    (fp_line (start 12.06 7.52) (end 12.07 14.22) (layer F.SilkS) (width 0.12))
    (fp_line (start -3.17 -3.81) (end -3.17 5.19) (layer F.SilkS) (width 0.12))
    (fp_line (start 12.07 -3.81) (end -3.17 -3.81) (layer F.SilkS) (width 0.12))
    (fp_line (start 12.07 -3.81) (end 12.06 5.18) (layer F.SilkS) (width 0.12))
    (fp_line (start -3.17 14.22) (end 12.07 14.22) (layer F.SilkS) (width 0.12))
    (pad 8 thru_hole circle (at 8.89 -2.54 90) (size 1.5 1.5) (drill 0.9) (layers *.Cu *.Mask)
      (net 34 +5V))
    (pad 7 thru_hole circle (at 7.62 0 90) (size 1.5 1.5) (drill 0.9) (layers *.Cu *.Mask)
      (net 34 +5V))
    (pad 6 thru_hole circle (at 6.35 -2.54 90) (size 1.5 1.5) (drill 0.9) (layers *.Cu *.Mask)
      (net 28 "Net-(J7-Pad6)"))
    (pad 5 thru_hole circle (at 5.08 0 90) (size 1.5 1.5) (drill 0.9) (layers *.Cu *.Mask)
      (net 33 GND))
    (pad 4 thru_hole circle (at 3.81 -2.54 90) (size 1.5 1.5) (drill 0.9) (layers *.Cu *.Mask)
      (net 33 GND))
    (pad 3 thru_hole circle (at 2.54 0 90) (size 1.5 1.5) (drill 0.9) (layers *.Cu *.Mask)
      (net 27 "Net-(J7-Pad3)"))
    (pad 2 thru_hole circle (at 1.27 -2.54 90) (size 1.5 1.5) (drill 0.9) (layers *.Cu *.Mask)
      (net 26 "Net-(J7-Pad2)"))
    (pad 1 thru_hole rect (at 0 0 90) (size 1.5 1.5) (drill 0.9) (layers *.Cu *.Mask)
      (net 25 "Net-(J7-Pad1)"))
    (pad Hole np_thru_hole circle (at -1.49 6.35 90) (size 3.65 3.65) (drill 3.25) (layers *.Cu *.SilkS *.Mask))
    (pad Hole np_thru_hole circle (at 10.38 6.35 90) (size 3.65 3.65) (drill 3.25) (layers *.Cu *.SilkS *.Mask))
    (model Connectors.3dshapes/RJ45_8.wrl
      (at (xyz 0.18 -0.25 0))
      (scale (xyz 0.4 0.4 0.4))
      (rotate (xyz 0 0 0))
    )
  )

  (module Connect:RJ45_8 (layer F.Cu) (tedit 59238B65) (tstamp 5890A4C4)
    (at 190.15 71 90)
    (tags RJ45)
    (path /59238838/59238920)
    (fp_text reference J1 (at 4.7 11.18 90) (layer F.SilkS)
      (effects (font (size 1 1) (thickness 0.15)))
    )
    (fp_text value RJ45 (at 4.59 6.25 90) (layer F.Fab)
      (effects (font (size 1 1) (thickness 0.15)))
    )
    (fp_line (start 12.46 14.47) (end -3.56 14.47) (layer F.CrtYd) (width 0.05))
    (fp_line (start 12.46 14.47) (end 12.46 -4.06) (layer F.CrtYd) (width 0.05))
    (fp_line (start -3.56 -4.06) (end -3.56 14.47) (layer F.CrtYd) (width 0.05))
    (fp_line (start -3.56 -4.06) (end 12.46 -4.06) (layer F.CrtYd) (width 0.05))
    (fp_line (start -3.17 7.51) (end -3.17 14.22) (layer F.SilkS) (width 0.12))
    (fp_line (start 12.06 7.52) (end 12.07 14.22) (layer F.SilkS) (width 0.12))
    (fp_line (start -3.17 -3.81) (end -3.17 5.19) (layer F.SilkS) (width 0.12))
    (fp_line (start 12.07 -3.81) (end -3.17 -3.81) (layer F.SilkS) (width 0.12))
    (fp_line (start 12.07 -3.81) (end 12.06 5.18) (layer F.SilkS) (width 0.12))
    (fp_line (start -3.17 14.22) (end 12.07 14.22) (layer F.SilkS) (width 0.12))
    (pad 8 thru_hole circle (at 8.89 -2.54 90) (size 1.5 1.5) (drill 0.9) (layers *.Cu *.Mask)
      (net 34 +5V))
    (pad 7 thru_hole circle (at 7.62 0 90) (size 1.5 1.5) (drill 0.9) (layers *.Cu *.Mask)
      (net 34 +5V))
    (pad 6 thru_hole circle (at 6.35 -2.54 90) (size 1.5 1.5) (drill 0.9) (layers *.Cu *.Mask)
      (net 4 "Net-(J1-Pad6)"))
    (pad 5 thru_hole circle (at 5.08 0 90) (size 1.5 1.5) (drill 0.9) (layers *.Cu *.Mask)
      (net 33 GND))
    (pad 4 thru_hole circle (at 3.81 -2.54 90) (size 1.5 1.5) (drill 0.9) (layers *.Cu *.Mask)
      (net 33 GND))
    (pad 3 thru_hole circle (at 2.54 0 90) (size 1.5 1.5) (drill 0.9) (layers *.Cu *.Mask)
      (net 3 "Net-(J1-Pad3)"))
    (pad 2 thru_hole circle (at 1.27 -2.54 90) (size 1.5 1.5) (drill 0.9) (layers *.Cu *.Mask)
      (net 2 "Net-(J1-Pad2)"))
    (pad 1 thru_hole rect (at 0 0 90) (size 1.5 1.5) (drill 0.9) (layers *.Cu *.Mask)
      (net 1 "Net-(J1-Pad1)"))
    (pad Hole np_thru_hole circle (at -1.49 6.35 90) (size 3.65 3.65) (drill 3.25) (layers *.Cu *.SilkS *.Mask))
    (pad Hole np_thru_hole circle (at 10.38 6.35 90) (size 3.65 3.65) (drill 3.25) (layers *.Cu *.SilkS *.Mask))
    (model Connectors.3dshapes/RJ45_8.wrl
      (at (xyz 0.18 -0.25 0))
      (scale (xyz 0.4 0.4 0.4))
      (rotate (xyz 0 0 0))
    )
  )

  (module Connect:RJ45_8 (layer F.Cu) (tedit 59238B07) (tstamp 5890A4D2)
    (at 209 120.5 90)
    (tags RJ45)
    (path /592390E3/59238920)
    (fp_text reference J2 (at 4.7 11.18 90) (layer F.SilkS)
      (effects (font (size 1 1) (thickness 0.15)))
    )
    (fp_text value RJ45 (at 4.59 6.25 90) (layer F.Fab)
      (effects (font (size 1 1) (thickness 0.15)))
    )
    (fp_line (start -3.17 14.22) (end 12.07 14.22) (layer F.SilkS) (width 0.12))
    (fp_line (start 12.07 -3.81) (end 12.06 5.18) (layer F.SilkS) (width 0.12))
    (fp_line (start 12.07 -3.81) (end -3.17 -3.81) (layer F.SilkS) (width 0.12))
    (fp_line (start -3.17 -3.81) (end -3.17 5.19) (layer F.SilkS) (width 0.12))
    (fp_line (start 12.06 7.52) (end 12.07 14.22) (layer F.SilkS) (width 0.12))
    (fp_line (start -3.17 7.51) (end -3.17 14.22) (layer F.SilkS) (width 0.12))
    (fp_line (start -3.56 -4.06) (end 12.46 -4.06) (layer F.CrtYd) (width 0.05))
    (fp_line (start -3.56 -4.06) (end -3.56 14.47) (layer F.CrtYd) (width 0.05))
    (fp_line (start 12.46 14.47) (end 12.46 -4.06) (layer F.CrtYd) (width 0.05))
    (fp_line (start 12.46 14.47) (end -3.56 14.47) (layer F.CrtYd) (width 0.05))
    (pad Hole np_thru_hole circle (at 10.38 6.35 90) (size 3.65 3.65) (drill 3.25) (layers *.Cu *.SilkS *.Mask))
    (pad Hole np_thru_hole circle (at -1.49 6.35 90) (size 3.65 3.65) (drill 3.25) (layers *.Cu *.SilkS *.Mask))
    (pad 1 thru_hole rect (at 0 0 90) (size 1.5 1.5) (drill 0.9) (layers *.Cu *.Mask)
      (net 8 "Net-(J2-Pad1)"))
    (pad 2 thru_hole circle (at 1.27 -2.54 90) (size 1.5 1.5) (drill 0.9) (layers *.Cu *.Mask)
      (net 7 "Net-(J2-Pad2)"))
    (pad 3 thru_hole circle (at 2.54 0 90) (size 1.5 1.5) (drill 0.9) (layers *.Cu *.Mask)
      (net 6 "Net-(J2-Pad3)"))
    (pad 4 thru_hole circle (at 3.81 -2.54 90) (size 1.5 1.5) (drill 0.9) (layers *.Cu *.Mask)
      (net 33 GND))
    (pad 5 thru_hole circle (at 5.08 0 90) (size 1.5 1.5) (drill 0.9) (layers *.Cu *.Mask)
      (net 33 GND))
    (pad 6 thru_hole circle (at 6.35 -2.54 90) (size 1.5 1.5) (drill 0.9) (layers *.Cu *.Mask)
      (net 5 "Net-(J2-Pad6)"))
    (pad 7 thru_hole circle (at 7.62 0 90) (size 1.5 1.5) (drill 0.9) (layers *.Cu *.Mask)
      (net 34 +5V))
    (pad 8 thru_hole circle (at 8.89 -2.54 90) (size 1.5 1.5) (drill 0.9) (layers *.Cu *.Mask)
      (net 34 +5V))
    (model Connectors.3dshapes/RJ45_8.wrl
      (at (xyz 0.18 -0.25 0))
      (scale (xyz 0.4 0.4 0.4))
      (rotate (xyz 0 0 0))
    )
  )

  (module Connect:RJ45_8 (layer F.Cu) (tedit 59238B07) (tstamp 5890A4E0)
    (at 209.15 71.01 90)
    (tags RJ45)
    (path /592391A3/59238920)
    (fp_text reference J3 (at 4.7 11.18 90) (layer F.SilkS)
      (effects (font (size 1 1) (thickness 0.15)))
    )
    (fp_text value RJ45 (at 4.59 6.25 90) (layer F.Fab)
      (effects (font (size 1 1) (thickness 0.15)))
    )
    (fp_line (start 12.46 14.47) (end -3.56 14.47) (layer F.CrtYd) (width 0.05))
    (fp_line (start 12.46 14.47) (end 12.46 -4.06) (layer F.CrtYd) (width 0.05))
    (fp_line (start -3.56 -4.06) (end -3.56 14.47) (layer F.CrtYd) (width 0.05))
    (fp_line (start -3.56 -4.06) (end 12.46 -4.06) (layer F.CrtYd) (width 0.05))
    (fp_line (start -3.17 7.51) (end -3.17 14.22) (layer F.SilkS) (width 0.12))
    (fp_line (start 12.06 7.52) (end 12.07 14.22) (layer F.SilkS) (width 0.12))
    (fp_line (start -3.17 -3.81) (end -3.17 5.19) (layer F.SilkS) (width 0.12))
    (fp_line (start 12.07 -3.81) (end -3.17 -3.81) (layer F.SilkS) (width 0.12))
    (fp_line (start 12.07 -3.81) (end 12.06 5.18) (layer F.SilkS) (width 0.12))
    (fp_line (start -3.17 14.22) (end 12.07 14.22) (layer F.SilkS) (width 0.12))
    (pad 8 thru_hole circle (at 8.89 -2.54 90) (size 1.5 1.5) (drill 0.9) (layers *.Cu *.Mask)
      (net 34 +5V))
    (pad 7 thru_hole circle (at 7.62 0 90) (size 1.5 1.5) (drill 0.9) (layers *.Cu *.Mask)
      (net 34 +5V))
    (pad 6 thru_hole circle (at 6.35 -2.54 90) (size 1.5 1.5) (drill 0.9) (layers *.Cu *.Mask)
      (net 12 "Net-(J3-Pad6)"))
    (pad 5 thru_hole circle (at 5.08 0 90) (size 1.5 1.5) (drill 0.9) (layers *.Cu *.Mask)
      (net 33 GND))
    (pad 4 thru_hole circle (at 3.81 -2.54 90) (size 1.5 1.5) (drill 0.9) (layers *.Cu *.Mask)
      (net 33 GND))
    (pad 3 thru_hole circle (at 2.54 0 90) (size 1.5 1.5) (drill 0.9) (layers *.Cu *.Mask)
      (net 11 "Net-(J3-Pad3)"))
    (pad 2 thru_hole circle (at 1.27 -2.54 90) (size 1.5 1.5) (drill 0.9) (layers *.Cu *.Mask)
      (net 10 "Net-(J3-Pad2)"))
    (pad 1 thru_hole rect (at 0 0 90) (size 1.5 1.5) (drill 0.9) (layers *.Cu *.Mask)
      (net 9 "Net-(J3-Pad1)"))
    (pad Hole np_thru_hole circle (at -1.49 6.35 90) (size 3.65 3.65) (drill 3.25) (layers *.Cu *.SilkS *.Mask))
    (pad Hole np_thru_hole circle (at 10.38 6.35 90) (size 3.65 3.65) (drill 3.25) (layers *.Cu *.SilkS *.Mask))
    (model Connectors.3dshapes/RJ45_8.wrl
      (at (xyz 0.18 -0.25 0))
      (scale (xyz 0.4 0.4 0.4))
      (rotate (xyz 0 0 0))
    )
  )

  (module Connect:RJ45_8 (layer F.Cu) (tedit 59238B07) (tstamp 5890A4EE)
    (at 190 120.5 90)
    (tags RJ45)
    (path /5923942C/59238920)
    (fp_text reference J4 (at 4.7 11.18 90) (layer F.SilkS)
      (effects (font (size 1 1) (thickness 0.15)))
    )
    (fp_text value RJ45 (at 4.59 6.25 90) (layer F.Fab)
      (effects (font (size 1 1) (thickness 0.15)))
    )
    (fp_line (start -3.17 14.22) (end 12.07 14.22) (layer F.SilkS) (width 0.12))
    (fp_line (start 12.07 -3.81) (end 12.06 5.18) (layer F.SilkS) (width 0.12))
    (fp_line (start 12.07 -3.81) (end -3.17 -3.81) (layer F.SilkS) (width 0.12))
    (fp_line (start -3.17 -3.81) (end -3.17 5.19) (layer F.SilkS) (width 0.12))
    (fp_line (start 12.06 7.52) (end 12.07 14.22) (layer F.SilkS) (width 0.12))
    (fp_line (start -3.17 7.51) (end -3.17 14.22) (layer F.SilkS) (width 0.12))
    (fp_line (start -3.56 -4.06) (end 12.46 -4.06) (layer F.CrtYd) (width 0.05))
    (fp_line (start -3.56 -4.06) (end -3.56 14.47) (layer F.CrtYd) (width 0.05))
    (fp_line (start 12.46 14.47) (end 12.46 -4.06) (layer F.CrtYd) (width 0.05))
    (fp_line (start 12.46 14.47) (end -3.56 14.47) (layer F.CrtYd) (width 0.05))
    (pad Hole np_thru_hole circle (at 10.38 6.35 90) (size 3.65 3.65) (drill 3.25) (layers *.Cu *.SilkS *.Mask))
    (pad Hole np_thru_hole circle (at -1.49 6.35 90) (size 3.65 3.65) (drill 3.25) (layers *.Cu *.SilkS *.Mask))
    (pad 1 thru_hole rect (at 0 0 90) (size 1.5 1.5) (drill 0.9) (layers *.Cu *.Mask)
      (net 16 "Net-(J4-Pad1)"))
    (pad 2 thru_hole circle (at 1.27 -2.54 90) (size 1.5 1.5) (drill 0.9) (layers *.Cu *.Mask)
      (net 15 "Net-(J4-Pad2)"))
    (pad 3 thru_hole circle (at 2.54 0 90) (size 1.5 1.5) (drill 0.9) (layers *.Cu *.Mask)
      (net 14 "Net-(J4-Pad3)"))
    (pad 4 thru_hole circle (at 3.81 -2.54 90) (size 1.5 1.5) (drill 0.9) (layers *.Cu *.Mask)
      (net 33 GND))
    (pad 5 thru_hole circle (at 5.08 0 90) (size 1.5 1.5) (drill 0.9) (layers *.Cu *.Mask)
      (net 33 GND))
    (pad 6 thru_hole circle (at 6.35 -2.54 90) (size 1.5 1.5) (drill 0.9) (layers *.Cu *.Mask)
      (net 13 "Net-(J4-Pad6)"))
    (pad 7 thru_hole circle (at 7.62 0 90) (size 1.5 1.5) (drill 0.9) (layers *.Cu *.Mask)
      (net 34 +5V))
    (pad 8 thru_hole circle (at 8.89 -2.54 90) (size 1.5 1.5) (drill 0.9) (layers *.Cu *.Mask)
      (net 34 +5V))
    (model Connectors.3dshapes/RJ45_8.wrl
      (at (xyz 0.18 -0.25 0))
      (scale (xyz 0.4 0.4 0.4))
      (rotate (xyz 0 0 0))
    )
  )

  (module Connect:RJ45_8 (layer F.Cu) (tedit 59238B07) (tstamp 5890A4FC)
    (at 209 104 90)
    (tags RJ45)
    (path /59239C28/59238920)
    (fp_text reference J5 (at 4.7 11.18 90) (layer F.SilkS)
      (effects (font (size 1 1) (thickness 0.15)))
    )
    (fp_text value RJ45 (at 4.59 6.25 90) (layer F.Fab)
      (effects (font (size 1 1) (thickness 0.15)))
    )
    (fp_line (start 12.46 14.47) (end -3.56 14.47) (layer F.CrtYd) (width 0.05))
    (fp_line (start 12.46 14.47) (end 12.46 -4.06) (layer F.CrtYd) (width 0.05))
    (fp_line (start -3.56 -4.06) (end -3.56 14.47) (layer F.CrtYd) (width 0.05))
    (fp_line (start -3.56 -4.06) (end 12.46 -4.06) (layer F.CrtYd) (width 0.05))
    (fp_line (start -3.17 7.51) (end -3.17 14.22) (layer F.SilkS) (width 0.12))
    (fp_line (start 12.06 7.52) (end 12.07 14.22) (layer F.SilkS) (width 0.12))
    (fp_line (start -3.17 -3.81) (end -3.17 5.19) (layer F.SilkS) (width 0.12))
    (fp_line (start 12.07 -3.81) (end -3.17 -3.81) (layer F.SilkS) (width 0.12))
    (fp_line (start 12.07 -3.81) (end 12.06 5.18) (layer F.SilkS) (width 0.12))
    (fp_line (start -3.17 14.22) (end 12.07 14.22) (layer F.SilkS) (width 0.12))
    (pad 8 thru_hole circle (at 8.89 -2.54 90) (size 1.5 1.5) (drill 0.9) (layers *.Cu *.Mask)
      (net 34 +5V))
    (pad 7 thru_hole circle (at 7.62 0 90) (size 1.5 1.5) (drill 0.9) (layers *.Cu *.Mask)
      (net 34 +5V))
    (pad 6 thru_hole circle (at 6.35 -2.54 90) (size 1.5 1.5) (drill 0.9) (layers *.Cu *.Mask)
      (net 20 "Net-(J5-Pad6)"))
    (pad 5 thru_hole circle (at 5.08 0 90) (size 1.5 1.5) (drill 0.9) (layers *.Cu *.Mask)
      (net 33 GND))
    (pad 4 thru_hole circle (at 3.81 -2.54 90) (size 1.5 1.5) (drill 0.9) (layers *.Cu *.Mask)
      (net 33 GND))
    (pad 3 thru_hole circle (at 2.54 0 90) (size 1.5 1.5) (drill 0.9) (layers *.Cu *.Mask)
      (net 19 "Net-(J5-Pad3)"))
    (pad 2 thru_hole circle (at 1.27 -2.54 90) (size 1.5 1.5) (drill 0.9) (layers *.Cu *.Mask)
      (net 18 "Net-(J5-Pad2)"))
    (pad 1 thru_hole rect (at 0 0 90) (size 1.5 1.5) (drill 0.9) (layers *.Cu *.Mask)
      (net 17 "Net-(J5-Pad1)"))
    (pad Hole np_thru_hole circle (at -1.49 6.35 90) (size 3.65 3.65) (drill 3.25) (layers *.Cu *.SilkS *.Mask))
    (pad Hole np_thru_hole circle (at 10.38 6.35 90) (size 3.65 3.65) (drill 3.25) (layers *.Cu *.SilkS *.Mask))
    (model Connectors.3dshapes/RJ45_8.wrl
      (at (xyz 0.18 -0.25 0))
      (scale (xyz 0.4 0.4 0.4))
      (rotate (xyz 0 0 0))
    )
  )

  (module Connect:RJ45_8 (layer F.Cu) (tedit 59238B07) (tstamp 5890A50A)
    (at 190.15 87.38 90)
    (tags RJ45)
    (path /59239C32/59238920)
    (fp_text reference J6 (at 4.7 11.18 90) (layer F.SilkS)
      (effects (font (size 1 1) (thickness 0.15)))
    )
    (fp_text value RJ45 (at 4.59 6.25 90) (layer F.Fab)
      (effects (font (size 1 1) (thickness 0.15)))
    )
    (fp_line (start -3.17 14.22) (end 12.07 14.22) (layer F.SilkS) (width 0.12))
    (fp_line (start 12.07 -3.81) (end 12.06 5.18) (layer F.SilkS) (width 0.12))
    (fp_line (start 12.07 -3.81) (end -3.17 -3.81) (layer F.SilkS) (width 0.12))
    (fp_line (start -3.17 -3.81) (end -3.17 5.19) (layer F.SilkS) (width 0.12))
    (fp_line (start 12.06 7.52) (end 12.07 14.22) (layer F.SilkS) (width 0.12))
    (fp_line (start -3.17 7.51) (end -3.17 14.22) (layer F.SilkS) (width 0.12))
    (fp_line (start -3.56 -4.06) (end 12.46 -4.06) (layer F.CrtYd) (width 0.05))
    (fp_line (start -3.56 -4.06) (end -3.56 14.47) (layer F.CrtYd) (width 0.05))
    (fp_line (start 12.46 14.47) (end 12.46 -4.06) (layer F.CrtYd) (width 0.05))
    (fp_line (start 12.46 14.47) (end -3.56 14.47) (layer F.CrtYd) (width 0.05))
    (pad Hole np_thru_hole circle (at 10.38 6.35 90) (size 3.65 3.65) (drill 3.25) (layers *.Cu *.SilkS *.Mask))
    (pad Hole np_thru_hole circle (at -1.49 6.35 90) (size 3.65 3.65) (drill 3.25) (layers *.Cu *.SilkS *.Mask))
    (pad 1 thru_hole rect (at 0 0 90) (size 1.5 1.5) (drill 0.9) (layers *.Cu *.Mask)
      (net 24 "Net-(J6-Pad1)"))
    (pad 2 thru_hole circle (at 1.27 -2.54 90) (size 1.5 1.5) (drill 0.9) (layers *.Cu *.Mask)
      (net 23 "Net-(J6-Pad2)"))
    (pad 3 thru_hole circle (at 2.54 0 90) (size 1.5 1.5) (drill 0.9) (layers *.Cu *.Mask)
      (net 22 "Net-(J6-Pad3)"))
    (pad 4 thru_hole circle (at 3.81 -2.54 90) (size 1.5 1.5) (drill 0.9) (layers *.Cu *.Mask)
      (net 33 GND))
    (pad 5 thru_hole circle (at 5.08 0 90) (size 1.5 1.5) (drill 0.9) (layers *.Cu *.Mask)
      (net 33 GND))
    (pad 6 thru_hole circle (at 6.35 -2.54 90) (size 1.5 1.5) (drill 0.9) (layers *.Cu *.Mask)
      (net 21 "Net-(J6-Pad6)"))
    (pad 7 thru_hole circle (at 7.62 0 90) (size 1.5 1.5) (drill 0.9) (layers *.Cu *.Mask)
      (net 34 +5V))
    (pad 8 thru_hole circle (at 8.89 -2.54 90) (size 1.5 1.5) (drill 0.9) (layers *.Cu *.Mask)
      (net 34 +5V))
    (model Connectors.3dshapes/RJ45_8.wrl
      (at (xyz 0.18 -0.25 0))
      (scale (xyz 0.4 0.4 0.4))
      (rotate (xyz 0 0 0))
    )
  )

  (module Connect:RJ45_8 (layer F.Cu) (tedit 59238B07) (tstamp 5890A526)
    (at 209 87.38 90)
    (tags RJ45)
    (path /59239C46/59238920)
    (fp_text reference J8 (at 4.7 11.18 90) (layer F.SilkS)
      (effects (font (size 1 1) (thickness 0.15)))
    )
    (fp_text value RJ45 (at 4.59 6.25 90) (layer F.Fab)
      (effects (font (size 1 1) (thickness 0.15)))
    )
    (fp_line (start -3.17 14.22) (end 12.07 14.22) (layer F.SilkS) (width 0.12))
    (fp_line (start 12.07 -3.81) (end 12.06 5.18) (layer F.SilkS) (width 0.12))
    (fp_line (start 12.07 -3.81) (end -3.17 -3.81) (layer F.SilkS) (width 0.12))
    (fp_line (start -3.17 -3.81) (end -3.17 5.19) (layer F.SilkS) (width 0.12))
    (fp_line (start 12.06 7.52) (end 12.07 14.22) (layer F.SilkS) (width 0.12))
    (fp_line (start -3.17 7.51) (end -3.17 14.22) (layer F.SilkS) (width 0.12))
    (fp_line (start -3.56 -4.06) (end 12.46 -4.06) (layer F.CrtYd) (width 0.05))
    (fp_line (start -3.56 -4.06) (end -3.56 14.47) (layer F.CrtYd) (width 0.05))
    (fp_line (start 12.46 14.47) (end 12.46 -4.06) (layer F.CrtYd) (width 0.05))
    (fp_line (start 12.46 14.47) (end -3.56 14.47) (layer F.CrtYd) (width 0.05))
    (pad Hole np_thru_hole circle (at 10.38 6.35 90) (size 3.65 3.65) (drill 3.25) (layers *.Cu *.SilkS *.Mask))
    (pad Hole np_thru_hole circle (at -1.49 6.35 90) (size 3.65 3.65) (drill 3.25) (layers *.Cu *.SilkS *.Mask))
    (pad 1 thru_hole rect (at 0 0 90) (size 1.5 1.5) (drill 0.9) (layers *.Cu *.Mask)
      (net 32 "Net-(J8-Pad1)"))
    (pad 2 thru_hole circle (at 1.27 -2.54 90) (size 1.5 1.5) (drill 0.9) (layers *.Cu *.Mask)
      (net 31 "Net-(J8-Pad2)"))
    (pad 3 thru_hole circle (at 2.54 0 90) (size 1.5 1.5) (drill 0.9) (layers *.Cu *.Mask)
      (net 30 "Net-(J8-Pad3)"))
    (pad 4 thru_hole circle (at 3.81 -2.54 90) (size 1.5 1.5) (drill 0.9) (layers *.Cu *.Mask)
      (net 33 GND))
    (pad 5 thru_hole circle (at 5.08 0 90) (size 1.5 1.5) (drill 0.9) (layers *.Cu *.Mask)
      (net 33 GND))
    (pad 6 thru_hole circle (at 6.35 -2.54 90) (size 1.5 1.5) (drill 0.9) (layers *.Cu *.Mask)
      (net 29 "Net-(J8-Pad6)"))
    (pad 7 thru_hole circle (at 7.62 0 90) (size 1.5 1.5) (drill 0.9) (layers *.Cu *.Mask)
      (net 34 +5V))
    (pad 8 thru_hole circle (at 8.89 -2.54 90) (size 1.5 1.5) (drill 0.9) (layers *.Cu *.Mask)
      (net 34 +5V))
    (model Connectors.3dshapes/RJ45_8.wrl
      (at (xyz 0.18 -0.25 0))
      (scale (xyz 0.4 0.4 0.4))
      (rotate (xyz 0 0 0))
    )
  )

  (module stmbl:C_0603 (layer B.Cu) (tedit 59238B07) (tstamp 59233CE7)
    (at 219.5 63.25 180)
    (descr "Capacitor SMD 0603, reflow soldering, AVX (see smccp.pdf)")
    (tags "capacitor 0603")
    (path /59238838/59238958)
    (attr smd)
    (fp_text reference C1 (at -3.248 -0.064 180) (layer B.SilkS)
      (effects (font (size 0.8 0.8) (thickness 0.2)) (justify mirror))
    )
    (fp_text value 100n (at 0 -1.4 180) (layer B.Fab)
      (effects (font (size 1 1) (thickness 0.15)) (justify mirror))
    )
    (fp_line (start 1.3 0.6) (end 1.3 -0.6) (layer B.CrtYd) (width 0.05))
    (fp_line (start -1.3 0.6) (end -1.3 -0.6) (layer B.CrtYd) (width 0.05))
    (fp_line (start -1.3 -0.6) (end 1.3 -0.6) (layer B.CrtYd) (width 0.05))
    (fp_line (start -1.3 0.6) (end 1.3 0.6) (layer B.CrtYd) (width 0.05))
    (fp_line (start -0.8 0.4) (end -0.8 -0.4) (layer B.SilkS) (width 0.15))
    (fp_line (start -0.8 -0.4) (end 0.8 -0.4) (layer B.SilkS) (width 0.15))
    (fp_line (start 0.8 -0.4) (end 0.8 0.4) (layer B.SilkS) (width 0.15))
    (fp_line (start 0.8 0.4) (end -0.8 0.4) (layer B.SilkS) (width 0.15))
    (fp_line (start -0.5 0.4) (end -0.5 -0.4) (layer B.SilkS) (width 0.15))
    (fp_line (start 0.5 0.4) (end 0.5 -0.4) (layer B.SilkS) (width 0.15))
    (pad 2 smd rect (at 0.75 0 180) (size 0.59 0.8) (layers B.Cu B.Paste B.Mask)
      (net 33 GND) (solder_mask_margin 0.1))
    (pad 1 smd rect (at -0.75 0 180) (size 0.59 0.8) (layers B.Cu B.Paste B.Mask)
      (net 34 +5V) (solder_mask_margin 0.1))
    (model Capacitors_SMD.3dshapes/C_0603.wrl
      (at (xyz 0 0 0))
      (scale (xyz 1 1 1))
      (rotate (xyz 0 0 0))
    )
  )

  (module stmbl:C_0603 (layer B.Cu) (tedit 59238B07) (tstamp 59233CED)
    (at 201 63.25 180)
    (descr "Capacitor SMD 0603, reflow soldering, AVX (see smccp.pdf)")
    (tags "capacitor 0603")
    (path /592390E3/59238958)
    (attr smd)
    (fp_text reference C2 (at -3.248 -0.064 180) (layer B.SilkS)
      (effects (font (size 0.8 0.8) (thickness 0.2)) (justify mirror))
    )
    (fp_text value 100n (at 0 -1.4 180) (layer B.Fab)
      (effects (font (size 1 1) (thickness 0.15)) (justify mirror))
    )
    (fp_line (start 1.3 0.6) (end 1.3 -0.6) (layer B.CrtYd) (width 0.05))
    (fp_line (start -1.3 0.6) (end -1.3 -0.6) (layer B.CrtYd) (width 0.05))
    (fp_line (start -1.3 -0.6) (end 1.3 -0.6) (layer B.CrtYd) (width 0.05))
    (fp_line (start -1.3 0.6) (end 1.3 0.6) (layer B.CrtYd) (width 0.05))
    (fp_line (start -0.8 0.4) (end -0.8 -0.4) (layer B.SilkS) (width 0.15))
    (fp_line (start -0.8 -0.4) (end 0.8 -0.4) (layer B.SilkS) (width 0.15))
    (fp_line (start 0.8 -0.4) (end 0.8 0.4) (layer B.SilkS) (width 0.15))
    (fp_line (start 0.8 0.4) (end -0.8 0.4) (layer B.SilkS) (width 0.15))
    (fp_line (start -0.5 0.4) (end -0.5 -0.4) (layer B.SilkS) (width 0.15))
    (fp_line (start 0.5 0.4) (end 0.5 -0.4) (layer B.SilkS) (width 0.15))
    (pad 2 smd rect (at 0.75 0 180) (size 0.59 0.8) (layers B.Cu B.Paste B.Mask)
      (net 33 GND) (solder_mask_margin 0.1))
    (pad 1 smd rect (at -0.75 0 180) (size 0.59 0.8) (layers B.Cu B.Paste B.Mask)
      (net 34 +5V) (solder_mask_margin 0.1))
    (model Capacitors_SMD.3dshapes/C_0603.wrl
      (at (xyz 0 0 0))
      (scale (xyz 1 1 1))
      (rotate (xyz 0 0 0))
    )
  )

  (module stmbl:C_0603 (layer B.Cu) (tedit 59238B07) (tstamp 59233CF3)
    (at 218.75 79.75 180)
    (descr "Capacitor SMD 0603, reflow soldering, AVX (see smccp.pdf)")
    (tags "capacitor 0603")
    (path /592391A3/59238958)
    (attr smd)
    (fp_text reference C3 (at -3.248 -0.064 180) (layer B.SilkS)
      (effects (font (size 0.8 0.8) (thickness 0.2)) (justify mirror))
    )
    (fp_text value 100n (at 0 -1.4 180) (layer B.Fab)
      (effects (font (size 1 1) (thickness 0.15)) (justify mirror))
    )
    (fp_line (start 0.5 0.4) (end 0.5 -0.4) (layer B.SilkS) (width 0.15))
    (fp_line (start -0.5 0.4) (end -0.5 -0.4) (layer B.SilkS) (width 0.15))
    (fp_line (start 0.8 0.4) (end -0.8 0.4) (layer B.SilkS) (width 0.15))
    (fp_line (start 0.8 -0.4) (end 0.8 0.4) (layer B.SilkS) (width 0.15))
    (fp_line (start -0.8 -0.4) (end 0.8 -0.4) (layer B.SilkS) (width 0.15))
    (fp_line (start -0.8 0.4) (end -0.8 -0.4) (layer B.SilkS) (width 0.15))
    (fp_line (start -1.3 0.6) (end 1.3 0.6) (layer B.CrtYd) (width 0.05))
    (fp_line (start -1.3 -0.6) (end 1.3 -0.6) (layer B.CrtYd) (width 0.05))
    (fp_line (start -1.3 0.6) (end -1.3 -0.6) (layer B.CrtYd) (width 0.05))
    (fp_line (start 1.3 0.6) (end 1.3 -0.6) (layer B.CrtYd) (width 0.05))
    (pad 1 smd rect (at -0.75 0 180) (size 0.59 0.8) (layers B.Cu B.Paste B.Mask)
      (net 34 +5V) (solder_mask_margin 0.1))
    (pad 2 smd rect (at 0.75 0 180) (size 0.59 0.8) (layers B.Cu B.Paste B.Mask)
      (net 33 GND) (solder_mask_margin 0.1))
    (model Capacitors_SMD.3dshapes/C_0603.wrl
      (at (xyz 0 0 0))
      (scale (xyz 1 1 1))
      (rotate (xyz 0 0 0))
    )
  )

  (module stmbl:C_0603 (layer B.Cu) (tedit 59238B07) (tstamp 59233CF9)
    (at 219.5 112.5 180)
    (descr "Capacitor SMD 0603, reflow soldering, AVX (see smccp.pdf)")
    (tags "capacitor 0603")
    (path /5923942C/59238958)
    (attr smd)
    (fp_text reference C4 (at -3.248 -0.064 180) (layer B.SilkS)
      (effects (font (size 0.8 0.8) (thickness 0.2)) (justify mirror))
    )
    (fp_text value 100n (at 0 -1.4 180) (layer B.Fab)
      (effects (font (size 1 1) (thickness 0.15)) (justify mirror))
    )
    (fp_line (start 1.3 0.6) (end 1.3 -0.6) (layer B.CrtYd) (width 0.05))
    (fp_line (start -1.3 0.6) (end -1.3 -0.6) (layer B.CrtYd) (width 0.05))
    (fp_line (start -1.3 -0.6) (end 1.3 -0.6) (layer B.CrtYd) (width 0.05))
    (fp_line (start -1.3 0.6) (end 1.3 0.6) (layer B.CrtYd) (width 0.05))
    (fp_line (start -0.8 0.4) (end -0.8 -0.4) (layer B.SilkS) (width 0.15))
    (fp_line (start -0.8 -0.4) (end 0.8 -0.4) (layer B.SilkS) (width 0.15))
    (fp_line (start 0.8 -0.4) (end 0.8 0.4) (layer B.SilkS) (width 0.15))
    (fp_line (start 0.8 0.4) (end -0.8 0.4) (layer B.SilkS) (width 0.15))
    (fp_line (start -0.5 0.4) (end -0.5 -0.4) (layer B.SilkS) (width 0.15))
    (fp_line (start 0.5 0.4) (end 0.5 -0.4) (layer B.SilkS) (width 0.15))
    (pad 2 smd rect (at 0.75 0 180) (size 0.59 0.8) (layers B.Cu B.Paste B.Mask)
      (net 33 GND) (solder_mask_margin 0.1))
    (pad 1 smd rect (at -0.75 0 180) (size 0.59 0.8) (layers B.Cu B.Paste B.Mask)
      (net 34 +5V) (solder_mask_margin 0.1))
    (model Capacitors_SMD.3dshapes/C_0603.wrl
      (at (xyz 0 0 0))
      (scale (xyz 1 1 1))
      (rotate (xyz 0 0 0))
    )
  )

  (module stmbl:C_0603 (layer B.Cu) (tedit 59238B07) (tstamp 59233CFF)
    (at 200 112.5 180)
    (descr "Capacitor SMD 0603, reflow soldering, AVX (see smccp.pdf)")
    (tags "capacitor 0603")
    (path /59239C28/59238958)
    (attr smd)
    (fp_text reference C5 (at -3.248 -0.064 180) (layer B.SilkS)
      (effects (font (size 0.8 0.8) (thickness 0.2)) (justify mirror))
    )
    (fp_text value 100n (at 0 -1.4 180) (layer B.Fab)
      (effects (font (size 1 1) (thickness 0.15)) (justify mirror))
    )
    (fp_line (start 0.5 0.4) (end 0.5 -0.4) (layer B.SilkS) (width 0.15))
    (fp_line (start -0.5 0.4) (end -0.5 -0.4) (layer B.SilkS) (width 0.15))
    (fp_line (start 0.8 0.4) (end -0.8 0.4) (layer B.SilkS) (width 0.15))
    (fp_line (start 0.8 -0.4) (end 0.8 0.4) (layer B.SilkS) (width 0.15))
    (fp_line (start -0.8 -0.4) (end 0.8 -0.4) (layer B.SilkS) (width 0.15))
    (fp_line (start -0.8 0.4) (end -0.8 -0.4) (layer B.SilkS) (width 0.15))
    (fp_line (start -1.3 0.6) (end 1.3 0.6) (layer B.CrtYd) (width 0.05))
    (fp_line (start -1.3 -0.6) (end 1.3 -0.6) (layer B.CrtYd) (width 0.05))
    (fp_line (start -1.3 0.6) (end -1.3 -0.6) (layer B.CrtYd) (width 0.05))
    (fp_line (start 1.3 0.6) (end 1.3 -0.6) (layer B.CrtYd) (width 0.05))
    (pad 1 smd rect (at -0.75 0 180) (size 0.59 0.8) (layers B.Cu B.Paste B.Mask)
      (net 34 +5V) (solder_mask_margin 0.1))
    (pad 2 smd rect (at 0.75 0 180) (size 0.59 0.8) (layers B.Cu B.Paste B.Mask)
      (net 33 GND) (solder_mask_margin 0.1))
    (model Capacitors_SMD.3dshapes/C_0603.wrl
      (at (xyz 0 0 0))
      (scale (xyz 1 1 1))
      (rotate (xyz 0 0 0))
    )
  )

  (module stmbl:C_0603 (layer B.Cu) (tedit 59238B07) (tstamp 59233D05)
    (at 200.25 79.75 180)
    (descr "Capacitor SMD 0603, reflow soldering, AVX (see smccp.pdf)")
    (tags "capacitor 0603")
    (path /59239C32/59238958)
    (attr smd)
    (fp_text reference C6 (at -3.248 -0.064 180) (layer B.SilkS)
      (effects (font (size 0.8 0.8) (thickness 0.2)) (justify mirror))
    )
    (fp_text value 100n (at 0 -1.4 180) (layer B.Fab)
      (effects (font (size 1 1) (thickness 0.15)) (justify mirror))
    )
    (fp_line (start 0.5 0.4) (end 0.5 -0.4) (layer B.SilkS) (width 0.15))
    (fp_line (start -0.5 0.4) (end -0.5 -0.4) (layer B.SilkS) (width 0.15))
    (fp_line (start 0.8 0.4) (end -0.8 0.4) (layer B.SilkS) (width 0.15))
    (fp_line (start 0.8 -0.4) (end 0.8 0.4) (layer B.SilkS) (width 0.15))
    (fp_line (start -0.8 -0.4) (end 0.8 -0.4) (layer B.SilkS) (width 0.15))
    (fp_line (start -0.8 0.4) (end -0.8 -0.4) (layer B.SilkS) (width 0.15))
    (fp_line (start -1.3 0.6) (end 1.3 0.6) (layer B.CrtYd) (width 0.05))
    (fp_line (start -1.3 -0.6) (end 1.3 -0.6) (layer B.CrtYd) (width 0.05))
    (fp_line (start -1.3 0.6) (end -1.3 -0.6) (layer B.CrtYd) (width 0.05))
    (fp_line (start 1.3 0.6) (end 1.3 -0.6) (layer B.CrtYd) (width 0.05))
    (pad 1 smd rect (at -0.75 0 180) (size 0.59 0.8) (layers B.Cu B.Paste B.Mask)
      (net 34 +5V) (solder_mask_margin 0.1))
    (pad 2 smd rect (at 0.75 0 180) (size 0.59 0.8) (layers B.Cu B.Paste B.Mask)
      (net 33 GND) (solder_mask_margin 0.1))
    (model Capacitors_SMD.3dshapes/C_0603.wrl
      (at (xyz 0 0 0))
      (scale (xyz 1 1 1))
      (rotate (xyz 0 0 0))
    )
  )

  (module stmbl:C_0603 (layer B.Cu) (tedit 59238B07) (tstamp 59233D0B)
    (at 218.5 96.25 180)
    (descr "Capacitor SMD 0603, reflow soldering, AVX (see smccp.pdf)")
    (tags "capacitor 0603")
    (path /59239C3C/59238958)
    (attr smd)
    (fp_text reference C7 (at -3.248 -0.064 180) (layer B.SilkS)
      (effects (font (size 0.8 0.8) (thickness 0.2)) (justify mirror))
    )
    (fp_text value 100n (at 0 -1.4 180) (layer B.Fab)
      (effects (font (size 1 1) (thickness 0.15)) (justify mirror))
    )
    (fp_line (start 1.3 0.6) (end 1.3 -0.6) (layer B.CrtYd) (width 0.05))
    (fp_line (start -1.3 0.6) (end -1.3 -0.6) (layer B.CrtYd) (width 0.05))
    (fp_line (start -1.3 -0.6) (end 1.3 -0.6) (layer B.CrtYd) (width 0.05))
    (fp_line (start -1.3 0.6) (end 1.3 0.6) (layer B.CrtYd) (width 0.05))
    (fp_line (start -0.8 0.4) (end -0.8 -0.4) (layer B.SilkS) (width 0.15))
    (fp_line (start -0.8 -0.4) (end 0.8 -0.4) (layer B.SilkS) (width 0.15))
    (fp_line (start 0.8 -0.4) (end 0.8 0.4) (layer B.SilkS) (width 0.15))
    (fp_line (start 0.8 0.4) (end -0.8 0.4) (layer B.SilkS) (width 0.15))
    (fp_line (start -0.5 0.4) (end -0.5 -0.4) (layer B.SilkS) (width 0.15))
    (fp_line (start 0.5 0.4) (end 0.5 -0.4) (layer B.SilkS) (width 0.15))
    (pad 2 smd rect (at 0.75 0 180) (size 0.59 0.8) (layers B.Cu B.Paste B.Mask)
      (net 33 GND) (solder_mask_margin 0.1))
    (pad 1 smd rect (at -0.75 0 180) (size 0.59 0.8) (layers B.Cu B.Paste B.Mask)
      (net 34 +5V) (solder_mask_margin 0.1))
    (model Capacitors_SMD.3dshapes/C_0603.wrl
      (at (xyz 0 0 0))
      (scale (xyz 1 1 1))
      (rotate (xyz 0 0 0))
    )
  )

  (module stmbl:C_0603 (layer B.Cu) (tedit 59238B07) (tstamp 59233D11)
    (at 200.25 96.25 180)
    (descr "Capacitor SMD 0603, reflow soldering, AVX (see smccp.pdf)")
    (tags "capacitor 0603")
    (path /59239C46/59238958)
    (attr smd)
    (fp_text reference C8 (at -3.248 -0.064 180) (layer B.SilkS)
      (effects (font (size 0.8 0.8) (thickness 0.2)) (justify mirror))
    )
    (fp_text value 100n (at 0 -1.4 180) (layer B.Fab)
      (effects (font (size 1 1) (thickness 0.15)) (justify mirror))
    )
    (fp_line (start 0.5 0.4) (end 0.5 -0.4) (layer B.SilkS) (width 0.15))
    (fp_line (start -0.5 0.4) (end -0.5 -0.4) (layer B.SilkS) (width 0.15))
    (fp_line (start 0.8 0.4) (end -0.8 0.4) (layer B.SilkS) (width 0.15))
    (fp_line (start 0.8 -0.4) (end 0.8 0.4) (layer B.SilkS) (width 0.15))
    (fp_line (start -0.8 -0.4) (end 0.8 -0.4) (layer B.SilkS) (width 0.15))
    (fp_line (start -0.8 0.4) (end -0.8 -0.4) (layer B.SilkS) (width 0.15))
    (fp_line (start -1.3 0.6) (end 1.3 0.6) (layer B.CrtYd) (width 0.05))
    (fp_line (start -1.3 -0.6) (end 1.3 -0.6) (layer B.CrtYd) (width 0.05))
    (fp_line (start -1.3 0.6) (end -1.3 -0.6) (layer B.CrtYd) (width 0.05))
    (fp_line (start 1.3 0.6) (end 1.3 -0.6) (layer B.CrtYd) (width 0.05))
    (pad 1 smd rect (at -0.75 0 180) (size 0.59 0.8) (layers B.Cu B.Paste B.Mask)
      (net 34 +5V) (solder_mask_margin 0.1))
    (pad 2 smd rect (at 0.75 0 180) (size 0.59 0.8) (layers B.Cu B.Paste B.Mask)
      (net 33 GND) (solder_mask_margin 0.1))
    (model Capacitors_SMD.3dshapes/C_0603.wrl
      (at (xyz 0 0 0))
      (scale (xyz 1 1 1))
      (rotate (xyz 0 0 0))
    )
  )

  (module Connect:IDC_Header_Straight_26pins (layer F.Cu) (tedit 59238B07) (tstamp 59233D5F)
    (at 228.21 76.01 270)
    (descr "26 pins through hole IDC header")
    (tags "IDC header socket VASCH")
    (path /5923363F)
    (fp_text reference P1 (at 15.24 -7.62 270) (layer F.SilkS)
      (effects (font (size 1 1) (thickness 0.15)))
    )
    (fp_text value CONN_02X13 (at 15.24 5.223 270) (layer F.Fab)
      (effects (font (size 1 1) (thickness 0.15)))
    )
    (fp_line (start -5.33 3.53) (end -5.33 -6.07) (layer F.SilkS) (width 0.12))
    (fp_line (start 35.81 3.53) (end -5.33 3.53) (layer F.SilkS) (width 0.12))
    (fp_line (start 35.81 -6.07) (end 35.81 3.53) (layer F.SilkS) (width 0.12))
    (fp_line (start -5.33 -6.07) (end 35.81 -6.07) (layer F.SilkS) (width 0.12))
    (fp_text user 1 (at 0.02 1.72 270) (layer F.SilkS)
      (effects (font (size 1 1) (thickness 0.12)))
    )
    (fp_line (start -5.58 3.78) (end -5.58 -6.32) (layer F.CrtYd) (width 0.05))
    (fp_line (start 36.06 3.78) (end -5.58 3.78) (layer F.CrtYd) (width 0.05))
    (fp_line (start 36.06 -6.32) (end 36.06 3.78) (layer F.CrtYd) (width 0.05))
    (fp_line (start -5.58 -6.32) (end 36.06 -6.32) (layer F.CrtYd) (width 0.05))
    (fp_line (start 35.56 3.28) (end 35 2.73) (layer F.Fab) (width 0.1))
    (fp_line (start -5.08 3.28) (end -4.54 2.73) (layer F.Fab) (width 0.1))
    (fp_line (start 35.56 -5.82) (end 35 -5.27) (layer F.Fab) (width 0.1))
    (fp_line (start -5.08 -5.82) (end -4.54 -5.27) (layer F.Fab) (width 0.1))
    (fp_line (start 35 -5.27) (end 35 2.73) (layer F.Fab) (width 0.1))
    (fp_line (start 35.56 -5.82) (end 35.56 3.28) (layer F.Fab) (width 0.1))
    (fp_line (start -4.54 -5.27) (end -4.54 2.73) (layer F.Fab) (width 0.1))
    (fp_line (start -5.08 -5.82) (end -5.08 3.28) (layer F.Fab) (width 0.1))
